                             X                             Y                        Height                    X_velocity                    Y_velocity
           -0.1852892436515655          -0.01141698602482086             1.000066280583656         1.732515239798838e-05         0.0001181538815862936
            0.1852892187027094          -0.01141948234902071             0.999936851047542          2.31375746990452e-05        -0.0001362965767924423
            0.1866501973144585           0.01041500090021599            0.9999389542186535        -0.0001414757619045281         0.0001631461475776846
           -0.1866502028840733           0.01041593872808812              1.00006712267683         -0.000168812818290461        -0.0001693381853494408
           -0.1851490976331741         -0.006607114349128656             1.000134837812433        -2.284122373446459e-05         9.350463825095513e-05
            0.1851316261208771         -0.006605358092255567            0.9998659029703889        -1.272993544524244e-05         -0.000114215751286346
            0.1820245049081294           0.01026994667038565             0.999940602817907        -0.0001291091603786125         0.0001502111363625177
           -0.1820246412503167           0.01027422825461309             1.000066659036224        -0.0001624000928804845        -0.0001597246032706796
            0.1050868086389621           0.01118371122913935             1.000073085697228          0.000174911108107351         0.0001874360093967983
           0.04489813078987847          0.006125741345920309            0.9999725764981359         0.0005514336731259098         0.0001236404988720708
            0.1449063707229353           0.01115587933997899             1.000014728091257         1.492405175324902e-05         0.0001539727724681301
          -0.06510186921078757          0.006125741159079315             1.000023771542627          0.000419465360191907        -0.0001568924441995488
           0.02995252303752697           0.01959425842569207             1.000050175565698         0.0005793726783386352         5.016924985883625e-05
          -0.08004747696250435           0.01959425841692522            0.9997787268413618         0.0003461223669588011        -0.0001603575797719085
           -0.1750145493532333          -0.02217158316128091            0.9998772096414144         4.436027229040818e-05         0.0001402285785134971
           -0.1650000000193412           -0.0105662486958491             1.000032620962786        -2.706350515915593e-06         0.0001861356782096005
           -0.1550000000193415          -0.02211325407964335            0.9998095404202417         8.992297488808796e-07         0.0001614508545060999
            -0.145000000696295          -0.01056643859156329            0.9999867891728367        -1.129440436576652e-05         0.0001846270328637328
             -0.18010184546987          -0.01386133539172752             1.000015887846351         2.717795437221525e-05         0.0001390016323112006
           -0.1400000012931197          -0.01345335735577354             0.999918821176636        -6.531771095830239e-06         0.0001832435788566077
           -0.1350000048740673          -0.01056761051939539            0.9999628112878297         3.331655412977023e-06         0.0001851235574332205
           -0.1700145493532332          -0.01928483181533245            0.9999064447205732         3.383666890798677e-05         0.0001552313136612648
           -0.1600000000359197           -0.0134530046923051            0.9999723182452096        -3.332064694294814e-06         0.0001823196209378213
           -0.1800004247889636          -0.01934900967776133             0.999935917330134         5.325513318756342e-05          0.000140697994989366
           -0.1700145493559961          -0.01351132989851978            0.9999973568314374         1.670109892477122e-05         0.0001730342869284291
           -0.1300000042772428          -0.01345419444708205            0.9998924124843837         1.341940594027447e-05         0.0001861974317735838
           -0.1250000250666334          -0.01057327483724903             0.999940484678674         3.226641213176291e-05         0.0001873591370354777
           -0.1600000000193414          -0.01922650273369488             0.999875551735684         1.051805692079932e-05          0.000166389186061311
           -0.1500000000193414          -0.01922650273369495            0.9998427291350269        -2.543016403338599e-06         0.0001712836756788971
           -0.1149999999999999          -0.02211324865405149            0.9996729660479469          7.04500624170645e-05         0.0001969666004168847
            -0.150000000118812          -0.01345302794484165            0.9999459664469553        -1.160458790689867e-05         0.0001826104339527927
           -0.1050007933663834          -0.01057974040210623            0.9999124807894175         0.0001327452347885899         0.0001837438108961524
            -0.100001355489894          -0.01346348390957821            0.9998497410116558         0.0001640925277705759          0.000181190835723366
           -0.1200000214856859          -0.01345902167362706            0.9998696725972019         4.995617581723374e-05         0.0001889622679708879
          -0.08500236223907089          -0.02211730043793641            0.9996909219168711         0.0002568188170847657         0.0001666782505183027
            0.1801018037406118           -0.0138651301784839            0.9999899026534729         3.071772501576909e-05         -0.000157958255650539
            -0.110000121250683          -0.01345921638071096            0.9998547198880356         0.0001027207586261283         0.0001885350614252032
          -0.07501745437015525          -0.01058868116666432            0.9999166015521539         0.0003131259213206937         0.0001476455895695689
            0.1751158307438384          -0.01092168048000487            0.9999536412565017         2.520749595286993e-05        -0.0001854035169152937
           -0.1099999999999998          -0.01922649730810321            0.9997290854596542         0.0001011668289430322         0.0001987142404551287
           -0.1199999999999998          -0.01922649730810314            0.9997468069587768         4.969207169648161e-05         0.0001943134155764454
          -0.09500068337419358          -0.02211646258007974            0.9996730653084415         0.0001991278057492749         0.0001816954098310497
          -0.07000862451307574          -0.01346856893799671             0.999868515815888         0.0003443557535078727          0.000145433320358225
          -0.09000304561326462          -0.01923376301801614            0.9997385578837968         0.0002227443393760415         0.0001724476430179112
            0.1700144318931811          -0.01352041913641581             1.000009919030052          1.84088780275778e-05        -0.0001960656900013495
              0.15999951281295           -0.0134678378333423             1.000035797953083        -4.423402004753717e-06        -0.0002041062163056067
           -0.1000006833741935          -0.01922971123413145            0.9997277658232155         0.0001621439234115975         0.0001894783831315165
          -0.04500000011604875          -0.01056627582380972            0.9999507252907458         0.0004896085063199919         9.419142784081647e-05
            0.1649994534327102          -0.01058668980373441            0.9999735576252928         1.272782957943574e-06        -0.0002134357655522648
          -0.04000000021551958          -0.01345305507280134            0.9999284868830414         0.0005219625175253241         8.039514331477393e-05
          -0.02500000489340872          -0.01056761594497777            0.9999807796747988         0.0005786414987005829         2.991713238609604e-05
              0.15499951281295          -0.01059018350005335            0.9999960418259743        -9.338796952699835e-06        -0.0002091489558661883
          -0.05500020534883854          -0.02211362039395696            0.9997549464392708         0.0004477502229046763         0.0001452948016097057
          -0.02000000429658417          -0.01345419987266552            0.9999706287237272         0.0006070573636808423         2.193799774393153e-05
          -0.01500002506663322          -0.01057327483719711            0.9999900266572418         0.0006178221633178428         3.631309542356442e-06
          -0.09500478361935601          -0.01058874075245481             0.999909698665974          0.000193048196363479         0.0001729395736901861
            0.1050052803134629           -0.0106487255924945             1.000084486335997         0.0002201720613347347         -0.000177071830318512
             0.110098341066876            0.0193582718289711             1.000248967503521         0.0001451265868334578         0.0002045924626296805
          -0.03000000142851033          -0.01345339533491401            0.9999519972330617          0.000565400198666335         4.965107751003186e-05
          -0.06500862451583873          -0.01058181836713303             0.999923124645785         0.0003747930741304512         0.0001379575667287946
          -0.01000002148568562          -0.01345902167358271            0.9999846892492932         0.0006437103643791187        -4.135615010319144e-07
            0.1150539864337907           0.02216492823148247             1.000309982956703         0.0001176282495229587         0.0002009133099127772
          0.009998644510116573          -0.01346348390662439             1.000007102009905         0.0006912628278247538        -1.930865222216288e-05
          0.004999206633622616          -0.01057974040041757             1.000000466537844         0.0006731809511638306        -2.067430508040024e-05
        -1.212506819625669e-07          -0.01345921638045585            0.9999953443313392         0.0006721865771582493        -1.301556584321129e-05
           -0.1550000001353904          -0.01056628124940026             1.000010322289616        -1.283956730551284e-05          0.000187127400898007
          -0.03500000081234413          -0.01056647114511361            0.9999675890200854         0.0005357899236103842         6.051751179306816e-05
          -0.08000236223907085          -0.01923054909198823            0.9997530158832306         0.0002814572845867308          0.000158893558075527
          -0.07000123207369102          -0.01922872232194276            0.9997673864112168         0.0003396520281638918         0.0001518747905743853
          -0.05000020536541685          -0.01345337100661963            0.9999025418303599          0.000472242255750856          0.000113087398474352
          -0.06000143742252981           -0.0192290940618479             0.999785475858784         0.0004034980655648567         0.0001506488183944604
          -0.06500123207369106          -0.02211547366789094            0.9997250855923291         0.0003696839612922423         0.0001530363654131734
            0.1100052803134629          -0.01353547693844262             1.000142979681311         0.0001902931099988047        -0.0001723213232956742
            0.1200000000000003          -0.01348806963573833             1.000129871826253         0.0001191217394371593        -0.0001674020621009877
           0.08500000000000034           -0.0105662432702594             1.000079928669777         0.0003158722376419293        -0.0001663490675677198
           0.03999137548801159          -0.01346856863298677             1.000054835260279         0.0005943888979195316        -4.640751144968725e-05
          -0.08001242416984163          -0.01346613498854677            0.9998599449159123         0.0002851060211498393         0.0001560005005513404
            0.1200465939949432           0.01928244491209293             1.000241627721171         9.305557940336483e-05         0.0002115710253492022
           -0.1150001427363691          -0.01057849209218317              0.99992283802689         7.681119666204711e-05         0.0001878827719293746
           0.02499763776095422          -0.02211730043091885             1.000079901560698         0.0006851044316260225        -5.098153959778658e-05
         -0.005000142736367934          -0.01057849209188305            0.9999959535428764         0.0006505299366508821        -1.395689146595106e-05
            0.1200000000000003          -0.01923162389913784             1.000254350434271         0.0001199469384760286        -0.0001856708355993237
            0.0399987679268591           -0.0192287221676436             1.000101964184491         0.0005950060869427154        -5.319025362509032e-05
           0.03498254563049926          -0.01058868098306045             1.000025240320022         0.0006116251314838985        -3.413887821718167e-05
           0.01499521638068189          -0.01058874074180937             1.000007651711627         0.0006786870356724307        -2.461482430914176e-05
            0.1050369621942381         -0.005012675949783086            0.9999700187446349         0.0002122163904041585        -0.0001625498725352002
           0.02998757583030068          -0.01346613494863613             1.000039537721877         0.0006471448802137261        -3.766262691363963e-05
           0.01999352625733122          -0.01347226849871467             1.000023464717011          0.000686383257615133        -2.895650947139776e-05
          -0.06000143742529277          -0.01345559214503604            0.9998815143247189         0.0004087576191543508         0.0001357560405244417
           0.04499876792685908          -0.02211547351359176             1.000144827222182         0.0005817563552336918        -7.001532124619658e-05
            0.1249926075611528           0.02211751668061046             1.000292811805073          7.18793038271835e-05         0.0002000094752126922
          -0.03500000011604893          -0.02211328120760248            0.9998633583819594         0.0005504740612202159         7.369767564868569e-05
           0.01999695438676588          -0.01923376300947786             1.000046257804862         0.0006909643240427205        -3.367994686835873e-05
          -0.04000000011604889          -0.01922652986165429            0.9998679335235214         0.0005188999549230274         8.308919627149318e-05
          -0.05000020534883848          -0.01922686904800877            0.9998214848866041         0.0004694162742206989         0.0001241711420887958
         -0.004999999999999719          -0.02211324865405184            0.9999744859719479         0.0006654592458115498         8.224618515720113e-06
           0.07000000000000038          -0.01345299461620745             1.000115217607954         0.0004007331462777644        -0.0001356907967714259
          0.009999316625812008          -0.01922971123261084              1.00001058597135         0.0006943305399982087        -4.829946639377042e-06
          -0.05500020536817986          -0.01056662043575595             0.999934027455738          0.000435537804088479         0.0001233298611241549
            0.0549997946544768          -0.02211361946397518             1.000198491404239         0.0005215465533851825        -0.0001140034346988541
           0.07000000000000035          -0.01922649730810373             1.000209131968437         0.0003999174401835197        -0.0001458571635175521
           0.06500000000000039          -0.01056624327025931             1.000064005274822         0.0004265598187463859        -0.0001191644468489915
           0.07500000000000033          -0.02211324865405186             1.000267199200692         0.0003720000740986037        -0.0001504966375149109
            0.1250000000000002          -0.02211837524508596             1.000305774208667         8.156149425258057e-05        -0.0001867684606989575
           0.01499931662581198          -0.02211646257855901             1.000032780730099         0.0007166754512003726        -1.496444629000556e-05
            0.1100000000000003          -0.01922649730810377             1.000265429814531          0.000191374290657674        -0.0001918403304125845
            0.1050000000000003          -0.02211324865405188             1.000325813515614         0.0002305512563731143        -0.0001903115225324294
            0.1150052803134629          -0.01067867402099122             1.000075887202526         0.0001499821991635275        -0.0001636098176838247
           0.02498414770086599           -0.0105913917838211             1.000017189228951         0.0006568582141855339        -3.007018264835096e-05
          0.005000000000000297           0.02211324865405187             1.000022188781497         0.0006308895966851076         9.029427647106156e-06
           0.09000269403748119           0.01927107556080413             1.000217690920309         0.0002929567364228064         0.0001651556501730041
            0.1050443546330856           0.02219334359748863             1.000306596648674         0.0001848515991279308         0.0001895027957987394
         -0.009999999999999691          -0.01922649730810368             0.999968505737496         0.0006440234633153463         8.685565618362918e-06
           0.08000000000000035           -0.0134529946162075              1.00012718627001         0.0003451962737832613        -0.0001561950299779547
           0.01000000000000031           0.01922649730810376              1.00002494722874         0.0006140452753220195         1.510528502959521e-05
            0.1600000000000002           0.01922649730810377             1.000125740548151        -6.722751669139686e-05         0.0001405574808423128
         3.226585665316861e-16          -0.01922649730810367            0.9999893494871334         0.0006730461498820597        -1.496027207533363e-06
           0.02999763776095426          -0.01923054908497069             1.000077968023091         0.0006485495658026119        -5.281847105829312e-05
                         -0.15           0.01922649730810376            0.9998688159240069        -0.0001033093668391863        -0.0001550521736363137
           0.04999856258133555          -0.01922909297756694               1.0001389560088         0.0005390002499366543        -8.352983971481646e-05
          -0.09000647374272663          -0.01347226851494446            0.9998527663322152          0.000225562870233116          0.000168435830724383
          0.005000000000000338          -0.02211324865405183            0.9999971757544538         0.0006882802134313661         2.273258257969209e-06
          -0.09999999999999987           0.01922649730810373            0.9997621674616235         0.0002091557783083437        -0.0002014387923887448
            0.1450000000000002          -0.01062992235887334              1.00001859717722        -4.372219263020007e-06        -0.0001886809197041061
           -0.1751159700369025          -0.01091040695843445             1.000051273929649         1.934819844490049e-05         0.0001603647015300579
           -0.1349999999999999           0.02211324865405187            0.9997663569846296        -3.949253487828433e-05        -0.0001770041871827467
            0.1750145294542242          -0.02217319366436246             1.000134412991428         4.239514984615328e-05        -0.0001501477823360999
            0.0900000000000003          -0.01345299461620754             1.000136634599145         0.0002996301281031575        -0.0001732709209323968
            0.1400000000000003          -0.01350757669216235             1.000087433704837         6.203028915417523e-06        -0.0001763911108256495
          -0.08501585229930365          -0.01059139183142327            0.9999120000136646         0.0002538886267113441         0.0001594815122191899
          -0.03999999999999973           0.01922649730810375            0.9998896145267586         0.0005960410419049277        -0.0001010517930199017
            0.1299482529280674           0.01925637349401395             1.000220040405275         5.993447502240725e-05         0.0002019015362745026
          -0.03000000083168581          -0.01922673060854991            0.9999075728525476         0.0005626658341200975         5.575855886388046e-05
           -0.1698281013656579             0.019387416588714            0.9999150083097714        -0.0001636650444500407        -0.0001332092839131688
            0.0850000000000003           0.02211324865405189             1.000259084437858         0.0003328896096296427          0.000159198796630638
            0.1350000000000002          -0.02211324865405189             1.000275123288383         2.380642062970722e-05        -0.0001805540904762984
                        -0.165           0.02211324865405185            0.9998603404032212        -0.0001653202650521639        -0.0001427953791359167
          -0.02499999999999973           0.02211324865405188            0.9999256270436186         0.0006515587443489542        -6.070147168336117e-05
             0.134955645366915            0.0221388568134035             1.000264230344704         3.721474934000635e-05         0.0001853588592424885
            0.1550000000000002           0.02211324865405189             1.000193112431998        -4.698211179762794e-05          0.000155492985227872
            0.1399038982949821           0.01933646843745078              1.00019150338274         2.764583834041415e-05         0.0001784392205859969
            0.1698281013656581           0.01938741658871395              1.00010320870132        -0.0001027882706825664         0.0001303455036263846
          -0.02500000071563661          -0.02211344940094744            0.9999071166977774         0.0005936601974410018         4.934382255546742e-05
           -0.1150001503998026         -0.004834929980306027             1.000043063816182         7.961787206200851e-05          0.000175921311726211
            0.0950026940374812           0.02215782690675224             1.000284408011868         0.0002615574348300985         0.0001723612311606003
            0.1549968569562724         -0.004883509743404684            0.9998953312346948        -1.783133584637596e-05        -0.0002115250282313465
          -0.07507043351539557         -0.004856360697547518             1.000019275283501         0.0003227478358941417         0.0001375780655390683
          -0.04499999999999974           0.02211324865405187            0.9998331887238724          0.000592523846514781         -0.000111913863185658
         -0.009999999999999737           0.01922649730810374            0.9999871470507641         0.0006493158632498403        -3.111538831707558e-05
          -0.07499999999999978          -0.02211324865405183            0.9997086543533963         0.0003125624877461064         0.0001565623515309128
          -0.04499999999999971          -0.02211324865405181            0.9998099330655422          0.000512205095565308         0.0001038034440784659
           -0.1550000001160486         -0.004792773131911674             1.000109305181247        -3.492124107771757e-05         0.0001890679557139976
            -0.175354830610954          -0.00509576291977262             1.000138700818661        -2.149887885648025e-05         0.0001675346589786677
          -0.06003437591825587           0.01943123730101369            0.9998101888257617         0.0004791768173021038         -0.000158961209255125
           -0.0850239969062343         -0.004876797900136195             1.000021167636527         0.0002629777171851549         0.0001479948858782682
           -0.1149999999999999           0.02211324865405187            0.9997073595716214         9.019632748506824e-05        -0.0002011617086406171
          -0.09499999999999985           0.02211324865405187            0.9997072134057582         0.0002544452807776991        -0.0001882054795011412
           0.04996562408174423           0.01943123730101364              1.00011100920311         0.0005510280083706946         0.0001050278273910133
            0.1000000000000003          -0.01922649730810377             1.000260058031605         0.0002537882873310642        -0.0001851721549988692
           0.05999979465447684          -0.01345336542613077             1.000097551170577         0.0004681817154635885        -0.0001082288418014778
           0.06500000000000034           0.02211324865405188             1.000215024083589         0.0004778646875949944         0.0001492307469589877
            0.1000470486705665           0.01935117050424087             1.000238125346763         0.0002175252553112684         0.0001845189920803569
           0.06500000000000034          -0.02211324865405187             1.000242424034089         0.0004393863957407878        -0.0001410164616824484
            0.1400000000000002          -0.01922649730810377             1.000200779675308         9.112108698289293e-06         -0.000179445361344584
            0.1350000000000003           -0.0106515848924187             1.000039842657939          3.07438392334258e-05        -0.0001656162359189023
           -0.1450000006962948         -0.004792935899666604             1.000092481520679        -2.418561895922551e-05         0.0001829694106203921
           -0.1099999999999999           0.01922649730810373            0.9997637045861714         0.0001309750817279614        -0.0002081648766738805
          -0.03499999999999973           0.02211324865405187            0.9998836235711608         0.0006259500958602975        -8.369973610728065e-05
         2.749536709423239e-16           0.01922649730810375             1.000009623794979         0.0006351056014074876        -6.627152235988608e-06
           0.07000000000000034           0.01922649730810376             1.000181927100054         0.0004354248357717994         0.0001585060910307997
           -0.1199999999999999           0.01922649730810375            0.9997808809111628         5.697720132536135e-05        -0.0001999912836291028
           -0.1049999999999999           0.02211324865405186             0.999698002326921         0.0001744248947446673        -0.0002018178099609678
          -0.05500269403748065           0.02218053559777698            0.9997797726999506         0.0005252422524099074        -0.0001486016309509261
          -0.01499999999999973           0.02211324865405187            0.9999640589041691          0.000662666059604988        -3.638117890971468e-05
           0.08000000000000031           0.01922649730810377             1.000199134272563         0.0003639216403285551          0.000157684770530258
             0.144968318119225          -0.00500145356004449            0.9999123741727901        -4.386073300780718e-06        -0.0001802408901589181
            0.1753546777992108         -0.005111052905493907            0.9998636277436526        -7.664492693306243e-06        -0.0001972965664999513
           0.05499979465447686           -0.0105666140801826             1.000050184089552         0.0004921956467358056        -8.441375505170056e-05
           -0.1300000035809471         -0.001906993741983602              1.00012301978144         1.408102338658628e-05         0.0001783887002705096
            0.1650000000000002           0.02211324865405188             1.000161722130448        -9.605178540934411e-05         0.0001450214089840259
            0.1599999618191968          -0.01922837350166124             1.000136086700452         4.445458595542421e-06        -0.0001816730645884201
            0.0750000000000004         -0.004792740578363075            0.9999789148447397         0.0003699974817851088        -0.0001374217275217464
                         -0.16           0.01922649730810373            0.9998959075963324         -0.000142899377034676        -0.0001422637951650878
          -0.05000269403748064           0.01929378425182885            0.9998454786006892         0.0005489945111426816        -0.0001369534133922876
         -0.004999999999999727           0.02211324865405187            0.9999976712315114         0.0006529899646943823         -1.11562886100685e-05
            0.0449683181192251           0.02225070170323669             1.000111763841251          0.000580089563827816         7.215005165434777e-05
           0.05499730596251945           0.02218053559777695             1.000170157820858         0.0005493024260190143         0.0001210135465867589
            0.0599997946544768          -0.01922686811802704             1.000180797276124         0.0004686342546871582        -0.0001260333200012865
          -0.08007354792201259         -0.002019220588142903             1.000072170366402         0.0002954666094708929         0.0001402292783326912
           -0.1748281013656579           0.02227416793466215            0.9998793210807463         -0.000176345804356084         -0.000130581339111788
                        -0.155           0.02211324865405187            0.9998327311370052        -0.0001299988340767498        -0.0001517867008725679
            -0.065031681880775           0.02225070170323672            0.9997509407791694         0.0004425035094594127        -0.0001513487263832249
           -0.1849858754357304          -0.02217742651648041            0.9999095359589912         6.674986967276155e-05         0.0001296400958378365
                        -0.165          -0.02211324865405154            0.9998448973685694          2.07766997153945e-05         0.0001532820361557144
           -0.1449999999999999          -0.02211324865405161             0.999772668414675         -6.94236030759462e-06         0.0001691084078897139
           -0.1400000006962952          -0.01922669262940856            0.9998087463633452        -1.581329029134477e-06         0.0001771253294044506
           -0.1249999999999998          -0.02211324865405165            0.9996998561112456         2.548701814534477e-05          0.000188322893407744
           -0.1049999999999998          -0.02211324865405172            0.9996634738688459         0.0001342936880699821         0.0001961588089465788
            0.1700145294542242          -0.01928644231841429             1.000104153490266         3.113976043073036e-05        -0.0001706669120051562
            0.1972715564658624         0.0001889152376455972            0.9998140848575923        -4.071591102660206e-05         0.0001010534910768776
           0.09500000000000031          -0.01056624327025941             1.000084274987382         0.0002691223937556456         -0.000180940117736364
            0.1499999618191969          -0.01346396782242417             1.000061358580049        -1.111203137843491e-05        -0.0001955298318887193
            0.1702531425885416         -0.001968198905818432            0.9998238670367868        -3.602413889082184e-05        -0.0002208585632740846
           0.04494825292806758          -0.00488618467903925            0.9999795319538434         0.0005534474880415712        -3.618353316040912e-05
           0.02497600309395753         -0.004876797846294771            0.9999879827773345         0.0006465651768358394         -2.15315081912165e-05
           0.01499529519013212         -0.004843668139731982            0.9999935539720655         0.0006675379514884093        -2.659684077082883e-05
          -0.07010472621817052         -0.002040615835761974              1.00006714041579         0.0003550256923141067         0.0001275191509734751
           -0.1050008487547823         -0.004836292929892566              1.00003229112811         0.0001381344477317178          0.000170985032053303
           -0.1702534099300474         -0.001923183167961034             1.000177882482404        -5.648528156785445e-05         0.0001873609391454365
           -0.1972715564658624          0.000188915237645596             1.000183282483035        -5.317650290146168e-05        -0.0001034954605691038
          -0.01999999999999973           0.01922649730810375            0.9999584538924658          0.000647757950593789        -5.657626525591894e-05
           0.05999730596251945           0.01929378425182883             1.000154096835026         0.0005008289754513248          0.000145932226086918
          -0.01499999999999969          -0.02211324865405185            0.9999447105670194         0.0006355523107335884         2.631987301328142e-05
            0.1649993170726983         -0.004845097147647993            0.9998791670908214        -2.087857049262061e-05        -0.0002226234567159114
           0.07500000000000039          -0.01056624327025933             1.000073381205117         0.0003668039902169874        -0.0001450655233568646
           0.06000000000000045         -0.001905989232414897            0.9999410693802825          0.000457324396924904        -8.556930451199458e-05
           0.02992645207831811         -0.002019220495344527            0.9999681994682591          0.000611424341394831        -1.706472711175335e-05
           0.01998546045987299         -0.002012601959110949            0.9999801528260586         0.0006405401682429734        -2.271876780818273e-05
          -0.06004435463630833          -0.00198608508011659             1.000062441004369         0.0004165028501397796         0.0001152965736552549
          -0.06505174707569318         -0.004886185734015085             1.000017855793731         0.0003851945354005135         0.0001233357941703915
          -0.09001453954020479         -0.002012601980967897             1.000078512016737         0.0002335476074631595         0.0001519417665435565
          -0.09500470480990354         -0.004843668149765326             1.000025414878723          0.000200294219660259         0.0001616288548906965
           0.01500000000000032           0.02211324865405189             1.000039240803229         0.0006081364941361892         2.597280863099534e-05
           0.09500000000000029          -0.02211324865405189             1.000308653231588         0.0002882292287212207        -0.0001749448858935404
            0.1150000000000003          -0.02211324865405189              1.00032511880888         0.0001558843423569079        -0.0001932711141381447
            0.1450000000000002          -0.02211324865405189             1.000240144558549        -6.079175500036945e-06        -0.0001759187363540242
            0.1650000000000002          -0.02211324865405183             1.000168278150829         1.471099052506855e-05        -0.0001642149359991869
            0.1000000000000003          -0.01345299461620753             1.000142615995387         0.0002516868429705538        -0.0001818407781850944
           0.09000000000000034         -0.001905989232415034            0.9999243113239269         0.0002837207627874089        -0.0001720328604854059
           0.03989527378299346          -0.00204061550922211            0.9999569102407789         0.0005689114408854071        -2.210287664558672e-05
          0.009998667931168206          -0.00197496383223188            0.9999925469479835         0.0006514875360614105        -3.032054675591562e-05
          0.004999151245224019         -0.004836292928102445             1.000000103097293         0.0006656879771056816        -2.920062923673506e-05
          -0.05500000001934095         -0.004792746003954441             1.000018919798438         0.0004460293281533182         0.0001118949316953947
          -0.02999999999999973           0.01922649730810375            0.9999264425336996         0.0006290193519168514        -7.850780351771852e-05
          -0.02000000071563657          -0.01922669805499929            0.9999408270277452         0.0006058553760624705         3.094238259420587e-05
           0.03500000000000034          -0.02211324865405184             1.000110828023719         0.0006232996279985755        -5.946820282476211e-05
           0.07000000000000044         -0.001905989232414922             0.999935323365014         0.0003972941382505946        -0.0001198605736542254
           0.04995564536691514         -0.001986084175851668            0.9999475193394762         0.0005154393533902138        -4.701673013829797e-05
            0.0298372237442963          0.003528066497878089            0.9999646587897437         0.0005875322015906575         8.250233577308616e-05
        -1.843025141448166e-07         -0.001972206796248062             1.000005826288051         0.0006456754439840073        -3.079775478597565e-05
          -0.01000002914911912         -0.001941956869793716             1.000019267492565         0.0006270130907946627        -1.879298270599245e-05
          -0.01500002506663313         -0.004799772145300782             1.000014225357598         0.0006203926377478065        -4.786002323943208e-06
          -0.02000000358094707         -0.001906993741977257             1.000031820240188          0.000598894548304574         4.828194985206658e-06
          -0.02500000417777172         -0.004793912506185831             1.000018970079532         0.0005856278186945432         2.245769853133012e-05
          -0.04500000011604863         -0.004792773131913376              1.00002023010232         0.0004992993266891477         8.685203273229563e-05
           -0.1100001843025154         -0.001972206796620158              1.00009633620214         0.0001106572514155441         0.0001708407411911227
           0.07500000000000033           0.02211324865405189             1.000239933011158         0.0004013875031761612         0.0001547071708304054
             0.174828101365658           0.02227416793466207             1.000139079968752        -0.0001232513830955346         0.0001323524946003503
            0.1849858754357304          -0.02217742651648055             1.000099656903725         6.806491524983091e-05        -0.0001380749676429809
           0.06500000000000043         -0.004792740578363036             0.999979096906745         0.0004306571827330232        -0.0001068175459144296
         -0.005000150399801519         -0.004834929979990383             1.000007449499525         0.0006480459525608619          -2.3107398682621e-05
          -0.04000000009947014         -0.001906017135458017             1.000050867722035         0.0005206791728323502          6.84128660467107e-05
            0.1300000000000003          -0.01923162389913785             1.000230739025301         5.354545865904489e-05        -0.0001794632260629535
            0.0800000000000004         -0.001905989232414976            0.9999298889734308         0.0003389209833250064        -0.0001493623859522366
           0.04499137548801161          -0.01058181728703863             1.000035319671385         0.0005551834522069265        -4.989553882623004e-05
           0.03492956648542516         -0.004856360467295174            0.9999826704576349         0.0006058837104453315        -2.223282585450705e-05
            -0.030000000596824          -0.00190615665067509             1.000042572137826         0.0005630301569681821         3.523437667427881e-05
           -0.0350000006962948         -0.004792935899666634             1.000020918983326         0.0005452504849901807         5.427371587870522e-05
          -0.05000000001657782         -0.001905993882921778             1.000056852367806         0.0004719112698783867         9.891406844353163e-05
           -0.1000013320688404         -0.001974963834675065             1.000086311240979         0.0001712651493165796         0.0001643422023171879
           -0.1250000250666333         -0.004799772145352494                1.000057920016         3.131163004600574e-05         0.0001799177338750792
           -0.1299999999999999           0.01922649730810375            0.9998080090817826        -6.210271659404112e-06        -0.0001855889938907715
           0.09500000000000032         -0.004792740578363171            0.9999743521942911         0.0002635155687770799        -0.0001759386444596417
           -0.1399999999999999           0.01922649730810375            0.9998386702372122        -5.861684523356369e-05        -0.0001702509363055054
            0.1599967205962605         -0.002019571420607222            0.9998380758506832        -2.426068260610708e-05        -0.0002225562463999272
           0.08500000000000037         -0.004792740578363133            0.9999776868311403         0.0003148384054589464        -0.0001628813487160272
           -0.1200000291491193         -0.001941956869853391             1.000108730974273          5.64144655162698e-05         0.0001758186280649712
            0.1549999618191969          -0.02211512484760941             1.000204219722663        -6.383015849752479e-06        -0.0001713087910522683
            0.1200674226049358           0.01358100775867535             1.000119119486161         9.462792934863012e-05         0.0002187141314787247
           -0.1249999999999999           0.02211324865405188            0.9997331737429247         1.870203562353298e-05         -0.000190282364451941
            0.1800004048899545          -0.01935062018084301               1.0000727727612           5.4037684987699e-05        -0.0001538905645270511
             0.149965624081744         -0.002128825266946655            0.9998515496652741        -9.136458342589882e-06        -0.0001978095396111911
           0.05500000000000044          -0.00479274057836301            0.9999784605237984         0.0004933982294569544        -7.074568456234132e-05
           -0.1500000000994701         -0.001906017135456381             1.000152420210822        -3.616577222085575e-05         0.0001846899399900715
           -0.1944485207412496          0.005187022294232751             1.000130190895865        -0.0001349609277963674        -0.0001334414784735216
           -0.1600000000165777         -0.001905993882919589             1.000165280612364        -4.783047359326095e-05         0.0001917276467826346
                        -0.145           0.02211324865405188            0.9998006908923037         -8.78390263041865e-05        -0.0001638708237783869
            0.1499999618191969           -0.0192283735016613              1.00016864559843        -6.130827331076448e-06        -0.0001819686044995332
            0.1000316818807756          -0.00204344228159988            0.9999169424706659         0.0002299186445430235        -0.0001702349650138291
          -0.08016277625595274          0.003528066427988642              1.00007561732035         0.0003135200857238742        -0.0001736823113859561
            -0.140000000596824         -0.001906156650674948             1.000137979988543        -1.626172627555663e-05         0.0001796178155874234
           0.08000000000000033          -0.01922649730810375             1.000226771991718         0.0003455135101122752        -0.0001545686679230902
           0.04999856258133559          -0.01345559028567064             1.000074916309688          0.000536686658691911        -7.275893970048704e-05
            0.1249996452649933           0.01067888092733398             1.000050976962002         7.864287941282594e-05         0.0002239849825993973
            0.1944485207412495          0.005187022294232747            0.9998706250480377        -0.0001193346168083424         0.0001297599376612729
            0.1971769642753871          0.009998107056587184            0.9999366436152362        -0.0001360210316297572         0.0001021022932231789
            0.0850000000000003          -0.02211324865405189             1.000286296765099         0.0003287090431245501        -0.0001585998619619168
           -0.1350000041777717         -0.004793912506193474             1.000074854820401        -2.724463248844942e-06         0.0001804598555534258
            0.1299344620219154           0.01351917489415505             1.000100604737549         6.157349588742063e-05         0.0002114445986650242
            0.1250000000000003          -0.01063207783599467              1.00005927796856         8.556863677573069e-05        -0.0001585522824196401
            0.1499482529280674           0.01931086027809917              1.00015775661789        -2.112811590102928e-05         0.0001560350680362201
           0.09000000000000029          -0.01922649730810378             1.000244017500842         0.0003018524202229968        -0.0001686748329611691
            0.1449482529280674           0.02219761162404728             1.000230595793034         4.617007337969462e-07         0.0001649338403555939
           -0.1350000006962953          -0.02211344397535695            0.9997351164623393         5.615649451763653e-07         0.0001781147617869133
           -0.1300000006962952          -0.01922669262940859            0.9997754598024313         1.533229320378301e-05         0.0001852879332001596
           -0.1971769642753872          0.009998107056587128             1.000066583375499        -0.0001524482848196187        -0.0001035928035580383
            0.1300000000000003          -0.01348888075344608             1.000110415285288         5.222766895317068e-05        -0.0001665526458478462
            -0.165000000019341          -0.00479274600395217             1.000124846837475        -3.625358328411996e-05         0.0001910454725136797
           -0.1847395927976402           0.02184802248212811            0.9999055243375184        -0.0001601914558604619        -0.0001501906649372571
            0.1968686110829884          -0.00972754583489926            0.9998969269082881        -1.185151960532547e-05        -7.189962255720212e-05
           -0.1968686142015954         -0.009727233794374275              1.00010319635933        -1.572843661222708e-05          6.34286377960548e-05
            0.1847395927976402           0.02184802248212811             1.000108954004552        -0.0001221808982133413         0.0001533895527737818
           0.02985323277285158           0.01423929288858258             1.000023757235909         0.0005822040776815356         6.480029854050586e-05
          -0.08014676722721527           0.01423929286983156            0.9998760555312529         0.0003412063239023165        -0.0001667881185085331
            0.1050741358866521          0.005846501953643589            0.9999658323308728         0.0001813227745814577         0.0001775057076964922
           0.04491080354218852           0.01146295062141604             1.000019257732682         0.0005512489621537742         0.0001103783648317676
             0.144926435914093          0.005806821194042006            0.9999121100598004         1.460792215271244e-05         0.0001404690875998241
          -0.06508919645801707            0.0114629505637557            0.9999373752825097         0.0004305358600307633        -0.0001565687990728969
              0.11012348299315            0.0138136854832394             1.000131113264066         0.0001461574911689649         0.0001991943656830824
           0.02498345162255443           0.02229197841468669             1.000054829961268         0.0005893921671781829          3.82797929713005e-05
            0.1398803025463245           0.01378102447807841             1.000081841949419         3.019191414963244e-05         0.0001745221797782818
           0.03986461523457266          0.003491863108006149            0.9999522729417049         0.0005599140776484999         0.0001153763930843023
          -0.08501654837745161           0.02229197841302267            0.9997193185642412         0.0003217081561395058        -0.0001612568812651775
          -0.07013538476616449          0.003491862901208221             1.000070698720379         0.0003740189056398495         -0.000163535104791677
            0.1100440142971722         -0.002420980894891732            0.9999096282612031         0.0001734724489809959        -0.0001464035210084545
           0.03993738953419763           0.01955298171424207             1.000071315033701          0.000568781486135089         6.580399663096232e-05
          -0.07006261046582778           0.01955298170713927            0.9997921526107234         0.0004109994100602757        -0.0001556048353609442
           0.02489020288937046          0.006128507564228215            0.9999841248913144         0.0005972354690063254         6.018697712636435e-05
            0.1399683181192251         -0.002433097657166144             0.999867496362069         1.633254122308539e-05        -0.0001563971322719327
          -0.08510979711071222          0.006128507540987301             1.000028336446819         0.0002890525008565612        -0.0001747011254333397
            0.1941401675488508         -0.004538630597253689             0.999829275496898        -6.794305313478247e-05        -7.848744066716909e-05
           -0.1941401706674578         -0.004538318556728644             1.000168851536527        -7.560016559233998e-05         6.627149713638377e-05
           -0.1795676941632981           0.01912219041679026            0.9999353664301747        -0.0001800573270974486        -0.0001477725216719241
            0.1795676941632981           0.01912219041679017             1.000079082454352        -0.0001360660560267738         0.0001465537679361014
            0.1891821609826807          0.005422560322400127            0.9998683205352952        -0.0001322673097770958         0.0001511790576585305
           -0.1891821665522956          0.005423498150272287             1.000133362015011         -0.000151920580750742        -0.0001587529189662306
            0.1942264973081037          -0.02255983064143699             1.000067317233136         9.775421200634249e-05        -9.966462811467167e-05
            0.1975598306414371          -0.01922649730810366             1.000018141400794         8.597078994795528e-05        -8.387894760519779e-05
           -0.1942264973081037          -0.02255983064143702            0.9999394007391088         9.527467328591642e-05         9.421093774753562e-05
           -0.1975598306414371          -0.01922649730810369            0.9999863460744676          8.36590937006405e-05         7.844244315641825e-05
           -0.1942264973081038           0.02255983064143707            0.9999188550169359        -0.0001126581765562953        -0.0001050568392564344
           -0.1975598306414371           0.01922649730810374            0.9999620395458779        -0.0001062504762172569        -9.689191213143651e-05
            0.1942264973081039           0.02255983064143712             1.000092306733045        -8.460084428164657e-05         0.0001075319113657305
            0.1975598306414372            0.0192264973081038             1.000046407521215        -8.203168856559587e-05         9.816295794045163e-05
            0.1100638759099836          0.003010079056382095            0.9999063914203991          0.000157127419563191         0.0001958542430048112
           0.02488416135787913           0.01148985913897409             1.000008005134148         0.0005868923516008344         5.455398447098368e-05
           0.03989933854692931            0.0141789471994605             1.000035190773721         0.0005699510527341149          8.96404186709011e-05
            0.1399447223705675          0.002959204434186733            0.9998670287205506         2.994968396874795e-05         0.0001672759360954786
          -0.07010066145320647           0.01417894716138885            0.9998845638782526         0.0004070872599739675        -0.0001582277165117107
          -0.08511583864216228           0.01148985912732597            0.9999272945286838         0.0002980614464568795        -0.0001766117924160293
            0.1349182587121053           0.01084621425417223             1.000034164762876         5.552439201487246e-05         0.0001990635518998683
            0.1150999569700572            0.0109189047323332             1.000066814227639         0.0001144818317777471         0.0002180316876287082
           0.01998345162255443           0.01940522706873857             1.000036920585649         0.0005955373421054996         3.448898638850824e-05
          -0.09001654837745161           0.01940522706707454            0.9997689940477958         0.0002737185560891934        -0.0001796587824621476
           0.03480967960298254            0.0062234051431557            0.9999770209602771         0.0005765819570261575         9.677864441290519e-05
          -0.07519032039732969          0.006223405055554223             1.000023800494036         0.0003560652172079041        -0.0001690187689669397
          -0.09499999999999964           0.01121951292806388            0.9999322952851735         0.0002351845128812882        -0.0001762944992255613
            0.1200278807129271          0.002663760593370011             0.999892694468011         0.0001069531913903626         0.0002105948169332145
            0.0150000000000004           0.01121951292806365               1.0000076311731         0.0006032183999126244         1.947477174028806e-05
            0.1299862090938483          0.002595562982256562            0.9998783972257421         6.390766316740986e-05         0.0002006091892701713
            0.1648647956219697           0.01124671486169042            0.9999707829176084        -7.846457546853979e-05         8.724671814306651e-05
            0.1648646592619578           0.00609514354300646            0.9998808281090196        -6.893162964221877e-05         7.203527120185016e-05
          -0.03499999999999952          0.006100423396407599             1.000026488008518         0.0005843787725779362        -9.905791960902425e-05
           -0.1150000076634332          0.006070482816389017             1.000052282280248         8.964836316996786e-05        -0.0001761712017078404
         -0.005000007663433187          0.006070482816403847             1.000011981742873         0.0006378615243960821        -5.033824399710543e-05
          -0.00499999999999961           0.01122008467928155              1.00000638074567         0.0006359483235077732        -4.029215562701337e-05
          -0.03499999999999965           0.01122008467928163            0.9999814116599304         0.0005954038649685163        -9.429329466557749e-05
             0.159996480524339           0.01375652840373098             1.000028831582048        -6.378882302041464e-05         0.0001064722454465604
           -0.1149999999999997           0.01122008467928191            0.9999459667615536         9.236251760180832e-05        -0.0001789623751069661
           0.09502064643245013            0.0060863117307529            0.9999697580671352         0.0002531109376234177         0.0001449895009115719
           0.09000602839032845           0.01382884594299692             1.000117095228208         0.0002934994149253488         0.0001467304741125878
           0.08500389007832215          0.006105501160914967            0.9999705651700229          0.000323819691561942         0.0001365081124702546
            0.1000643607501691           0.01388612448162329             1.000128417193776          0.000217555630221389         0.0001699767490210299
           0.09502334046993101           0.01125055126632745             1.000068343009724         0.0002486900755801689         0.0001548075376230169
           0.08500389007832211           0.01122516244378915             1.000060997953746         0.0003237396310996677         0.0001400561869701112
            0.1000489939603781          0.003384675670552969            0.9999137792341457         0.0002177199209430264         0.0001570434352309186
           0.07000009262091278           0.01378003621987351             1.000094253887017         0.0004348611691125911         0.0001394285982222032
            0.1499473376252696          0.003287147395786966            0.9998512618677742        -4.326713265451199e-06         0.0001113265709624553
           0.08000055572547494          0.003541318149899903            0.9999245277887118         0.0003489370010076064         0.0001354072591199104
           0.06500009262091282           0.01122020557843643             1.000045617861152            0.0004599213601018          0.000140682384608954
           0.09000333435284762          0.003544945124548188            0.9999195084588979         0.0002845285568945146         0.0001359991857669705
           0.08000055572547488           0.01378064071564824             1.000105700750259         0.0003643323659129815          0.000139642920878364
           3.9118014383277e-16           0.01377991532071854             1.000007677072393         0.0006359374699094292        -2.218134455885412e-05
           0.04994616049197597           0.01401752073397456             1.000055462425058         0.0005491938616858012         0.0001157416419575849
          0.009999340046863639          0.003478893521063204            0.9999938879913582         0.0006248822752196399          -4.2996635612248e-06
           0.06500009262091286           0.00610054429556229            0.9999719700407651         0.0004549192887088392         0.0001393898781319396
          -0.05501946358986299          0.006133288790062206             1.000024555847651         0.0004837324556439568        -0.0001332542732136122
          -0.01999999999999967           0.01377991532071859            0.9999836953979868         0.0006449987655864601        -6.552866768274201e-05
           0.07000009262091285          0.003540713654125217            0.9999299045809382         0.0004116463616841143         0.0001384847099409917
          -0.01000000766343319          0.003510652174966866             1.000022773475506         0.0006287369990770428        -6.448646874282042e-05
            0.1250070377038409          0.005228030913390184            0.9999408747245123         8.097222486860407e-05         0.0002076893910049107
            0.1250000000000004         -0.005180369257575389              0.99994515400658         8.415351015688912e-05        -0.0001210068529598417
          -0.02499999999999961           0.01122008467928159            0.9999927979042449         0.0006243183489584331         -7.89188279139269e-05
            0.0599973059625195           0.01384720226444363             1.000077547147797         0.0004992518062961454         0.0001346741051415829
          -0.02999999999999967           0.01377991532071861            0.9999664079553383         0.0006250867635247608        -8.254316534574115e-05
           0.05497784237275122           0.01132023704335268             1.000033227299846         0.0005153606960946711         0.0001322681004188106
            0.1499299664715929           0.01382457195340325              1.00005560117272        -1.766882985249072e-05         0.0001355092930496443
           0.06000000000000046           0.00354059275497029            0.9999356163918252         0.0004712846705531554         0.0001377990374794721
          -0.03999999999999945          0.003540592754970596             1.000055314746444         0.0005445288840714438        -0.0001064128138096889
            0.1701215552472154          0.003535879690861082            0.9998282073061782         -8.64764628278082e-05         6.201833331606355e-05
          -0.04499999999999958          0.006100423396407678             1.000026485528101         0.0005399907751706708        -0.0001140532794101391
           -0.1449999999999994          0.006100423396408711             1.000100484695709        -5.507685387328724e-05        -0.0001298397989266582
          -0.06006381822340873          0.003493363076007615             1.000066550638487         0.0004350908628774689        -0.0001445836028518817
           0.05498053641023215          0.006133288816753478            0.9999719389213425          0.000511019475358865         0.0001349712504745556
           0.01000000000000031           0.01377991532071862             1.000013507691205         0.0006160310099331455         5.261842585740969e-06
          -0.04999999999999945          0.003540592754970663             1.000061683249015         0.0004943295334457893         -0.000121640326491385
           0.04993618177714684          0.003493363231879633            0.9999426470514996         0.0005222100555527662         0.0001331116654090889
           0.07500064834638737          0.006101269690491943            0.9999715403456473         0.0003904839293374917         0.0001381117069780196
           0.07500064834638732            0.0112209309733661             1.000054520421034         0.0003939396774461596          0.000140569915755643
           -0.1449999999999997           0.01122008467928219             1.000006270448093        -6.680946163125582e-05        -0.0001354600843668597
            0.1696964164632887           0.01399085170072528             1.000013311855716        -0.0001057698569719691         0.0001058072777492189
        -6.305183174326832e-08          0.003480596955385587             1.000008818183563         0.0006322690649968788        -3.984364541356017e-05
         -0.009999999999999737           0.01377991532071863            0.9999976844862086         0.0006482190065642078         -4.56962460569939e-05
             -0.10000065995314          0.003478893520053409             1.000092492008926         0.0001840578723888754        -0.0001769458254010235
          -0.01999999999999942          0.003540592754970491             1.000035536418636         0.0006125564196515241        -8.089057730787954e-05
           -0.1648689299731907           0.01128025576535035             1.000041807513275        -0.0001379536316210189        -0.0001022625343726034
          -0.02499999999999948          0.006100423396407537             1.000023895746174         0.0006159832440605649        -8.582398664032373e-05
          -0.03999999999999971           0.01377991532071864            0.9999451716976542         0.0005909280036825275        -0.0001000652006407109
          -0.02999999999999942           0.00354059275497053             1.000046577430243         0.0005840201643141816        -9.367929013902214e-05
           -0.1648689299731904          0.006160594482477226             1.000126550728993        -0.0001164904807113201        -9.264387670755142e-05
            0.1599936501268462          0.003416590673367719            0.9998376298141272        -3.912931591547559e-05         7.219224649685684e-05
          -0.05502215762734403            0.0113202370166613            0.9999499800578384          0.000495495247294581        -0.0001383636208053988
           -0.1099999999999997           0.01377991532071864            0.9998812770237111         0.0001292743589990481        -0.0001796946278087666
          -0.04499999999999971           0.01122008467928169            0.9999667257163659         0.0005523146871937851        -0.0001132882570641205
           -0.1200000076634333          0.003510652174952325             1.000115138401682         5.957443057616965e-05        -0.0001691704809312632
          -0.05000269403748062           0.01384720226444377            0.9999204839702669         0.0005426727388185936        -0.0001247597744131054
           0.00500000000000041           0.01122008467928153             1.000008306802733         0.0006219527840641646        -1.317340773125156e-05
          0.004999944611601853          0.006070368176826287             1.000003379867574         0.0006293730864596715        -2.075341000855037e-05
          -0.06005383950811926           0.01401752070728309             0.999898500831826         0.0004745718184120592        -0.0001471554934471557
           -0.1299999999999994          0.003540592754971586             1.000129311924397         9.825448543610931e-06        -0.0001545845252394707
           -0.1249999999999996          0.006100423396408411             1.000066861678898         3.034480231269206e-05        -0.0001636150719551046
          -0.01499999999999955          0.006100423396407547             1.000018877872412         0.0006341981575122975        -7.075608585734615e-05
          -0.01499999999999967            0.0112200846792816             1.000001088241998          0.000638038036880979        -6.180891561303517e-05
            0.1549781940678645           0.01115699142498317            0.9999892792425071         -3.15713577190845e-05         0.0001085962479766001
           -0.1399999999999998           0.01377991532071889            0.9999425893194541        -5.370490161437343e-05        -0.0001463258569377054
          -0.09999999999999991           0.01377991532071878            0.9998759403351754         0.0002056343965477493        -0.0001772568988712998
            0.1549755000303836          0.005968625013303878            0.9998944623340899        -2.749212903435031e-05         9.569203416066005e-05
            -0.110000063051832           0.00348059695526917             1.000102577777606         0.0001188365896618491        -0.0001775608531108021
           -0.1499999999999993          0.003540592754972146             1.000157247513966        -5.787181518049449e-05        -0.0001157069800945636
           -0.1199999999999999           0.01377991532071887            0.9998961644552158         5.749550111906524e-05        -0.0001734562108178735
           -0.1599999999999999             0.013779915320719            0.9999878557981107        -0.0001343263416893466        -0.0001151923537790559
           -0.1249999999999998           0.01122008467928207            0.9999634300323644         2.902723488402689e-05        -0.0001680401634740049
           -0.1299999999999998           0.01377991532071882            0.9999179864596609        -3.747081223731235e-06        -0.0001612797657337877
           -0.1701223399004753          0.003583570680576197             1.000175426291031        -0.0001207403604488987        -8.449030654788816e-05
           -0.1399999999999994          0.003540592754971841             1.000143723132482        -2.848481167693935e-05        -0.0001375951522446999
           -0.1499999999999998           0.01377991532071892            0.9999667229049256        -9.572936135996481e-05         -0.000129619841822147
           -0.1050000553883985          0.006070368176725235              1.00004107095134         0.0001569904972178694        -0.0001790656791879872
           -0.1049999999999997           0.01122008467928182            0.9999354708376377         0.0001632146933123857        -0.0001812144602896326
           -0.1599999999999993          0.003540592754972574             1.000168465320646        -8.347811802395025e-05        -9.240172527050237e-05
           -0.1349999999999995          0.006100423396408504             1.000083669020139         -1.77517137537756e-05        -0.0001486101328015087
           -0.1696970313388487           0.01400100568739722             1.000000258202053        -0.0001614533806669466        -0.0001166969496092561
           -0.1349999999999997           0.01122008467928207            0.9999845047169835        -2.374971707695682e-05        -0.0001531318487950958
           -0.1549999999999994          0.006100423396409017             1.000115677531214        -8.641212435593616e-05        -0.0001080827842774322
           -0.1549999999999997           0.01122008467928232             1.000026490877936        -0.0001046129839456502        -0.0001164671348536483
           -0.0950006045647409          0.006068207629955098             1.000033838203795         0.0002266991667230516        -0.0001764293651329583
           0.01499939543526229          0.006068207630863474            0.9999935987383356         0.0006137368989248734         1.778798461608195e-05
            0.1200070521029345         -0.002557914656479564            0.9998953982418074         0.0001137188032973821        -0.0001182478298192103
            0.1300000000000004         -0.002591161938859434            0.9998810755596649         5.883739136772908e-05        -0.0001193666691414046
            0.1350000000000003         -0.005205574656251342            0.9999300330445614         3.162647888371261e-05        -0.0001371814386790622
           0.03496907141497285           0.02230228001100538             1.000074035100194         0.0005779647353346621         5.017823233213631e-05
           0.01998888858930773          0.003445416458189422            0.9999785883051138         0.0006094337434367005         3.922896541914487e-05
          -0.07503092858505256           0.02230228000390255            0.9997352585483508         0.0003819504454073834        -0.0001508906316585737
             0.115012332416397         -0.005200227620151745            0.9999605330859077         0.0001448707216684666        -0.0001341003824268537
          -0.09001111141074257          0.003445416444024053             1.000084437017034         0.0002499374891519721         -0.000174536483921737
           -0.1802005600255301          -0.00323681967737349             1.000178795874666        -3.192890099685819e-05         0.0001136014699650502
            0.1801830582141519         -0.003240378347207796            0.9998211326967261        -1.610302784982026e-05        -0.0001399907380546905
            0.1787856326990227           0.01397524324354699            0.9999995434704806        -0.0001376189275499979         0.0001126596850542058
           -0.1787857634715953           0.01397858699990237             1.000010977262547        -0.0001784816478995025        -0.0001215551085969036
            0.1889684504027489         -0.003568599523635771            0.9998213929304777        -4.542642783958084e-05        -0.0001135933971295057
           -0.1889859000847968          -0.00357254006418351             1.000177261478288        -5.736867359191046e-05         9.483847703160235e-05
            0.1349626133451906          0.005373452356217532             0.999926434743713         5.373371440024155e-05         0.0001893381929265328
           0.01998345162255451           0.01395807333013547             1.000017565516069         0.0005979596089988535         3.672402188438266e-05
            0.1150530226392009          0.005452507580971658            0.9999556230562975         0.0001209797120186674         0.0002074120301397776
           0.03483173016302915           0.01157327995911432             1.000010507443103         0.0005705613096372897         8.416499479317203e-05
          -0.09001654837745139           0.01395807332847151             0.999875346187566         0.0002699275569280147        -0.0001758365983556805
          -0.07516826983714217           0.01157327991105847            0.9999303633253204         0.0003662447579325448        -0.0001668361489609097
           -0.1814994518223364          0.001511981892632229             1.000188308440493        -7.612332921201449e-05        -0.0001275483314234787
            0.1814819662715925          0.001509669678600486            0.9998122105252315        -5.329625918775954e-05         0.0001105824345995131
           -0.1889660901057439           0.01940785312356519            0.9999468040535666        -0.0001223845111726669        -0.0001432625604628761
           -0.1944284448430325          -0.01395373110247794             1.000046757859922         5.197380196918179e-05         7.753617601177574e-05
            0.1889660901057441           0.01940785312356523             1.000064834394541        -8.871036678411063e-05         0.0001436798738723227
            0.1944284417244254          -0.01395404314300293            0.9999555142097313         5.628029525752988e-05        -8.648938414924908e-05
            0.1892123727438342          -0.01973725715791754             1.000049482872033         9.622350504301253e-05        -0.0001238988385955116
           -0.1892123727438341          -0.01973725715791743             0.999957154308948         9.259441614648339e-05         0.0001146423793629003
            0.1947367949168243           0.01422460436469096            0.9999869987955698        -0.0001079176467030267         0.0001084115799663277
           -0.1947367949168243           0.01422460436469088             1.000019431563846         -0.000130511582935694        -0.0001104045517375843
            0.1894763877144645           0.01440596018015239            0.9999958731637749        -0.0001359617166331509         0.0001311514840402257
           -0.1894763877144645           0.01440596018015233             1.000011890846387        -0.0001629680304349539        -0.0001344630196605297
           -0.1894143202787628          -0.01446449095229168             1.000029312758035          3.35856526989189e-05         0.0001164391845451396
            0.1894143171601558          -0.01446480299281682            0.9999747059407478         3.780231053633359e-05        -0.0001297084020015897
            0.1792049552867523          0.005392691431739371            0.9998639514975963        -9.885491317437511e-05         0.0001251436483715385
           -0.1792051250466279          0.005402599983199224             1.000140037856388        -0.0001294532062909779        -0.0001411615935216434
            0.1743396301429518          0.006427255182249975            0.9998794347232147        -0.0001316181730987768         0.0001026652463919697
           -0.1743404092087728          0.006446379892509589             1.000125882080346        -0.0001672050768844593        -0.0001209267575364065
            0.1868334795611918          0.001394484339430895            0.9998156459603592        -0.0001233880970918492         0.0001185135605470511
           -0.1868509316942474          0.001391169586230269             1.000183655100727        -0.0001401894969813744        -0.0001304609376651792
            0.1739143549990133           0.01173065587343021            0.9999680099929718        -0.0001121287191101829         0.0001040582778322858
            -0.173915100647146           0.01174415361645748             1.000042545600144        -0.0001587715795757906        -0.0001178478379937939
